-0.242 0.45
1.182 -0.679
2.411 2.155
2.57 0.982
1.366 0.548
0.882 1.183
1.257 0.514
-1.08 -0.568
-0.337 0.86
1.587 0.918
1.698 0.86
0.543 1.172
0.499 0.757
2.04 1.108
2.889 2.11
-1.327 -0.382
1.65 0.031
1.614 1.58
1.038 -0.123
1.343 1.261
1.242 0.233
0.973 0.028
1.437 0.02
1.782 2.126
-1.599 -1.394
0.694 0.089
1.798 0.545
0.856 1.22
1.97 1.277
0.615 -1.262
1.085 0.55
1.004 0.684
2.216 0.197
0.449 1.164
1.955 1.145
2.005 -0.395
0.082 -0.208
0.497 1.555
-0.374 -1.014
1.184 1.146
1.675 1.388
-0.374 -1.622
2.228 1.237
-1.143 0.447
2.071 0.388
0.579 -1.258
1.235 0.184
-0.376 0.275
0.365 -0.77
-0.284 0.482
