0.345 1
-1.017 1
0.086 1
-0.091 1
1.297 1
-0.851 1
-0.671 1
-0.168 1
-1.388 1
2.602 1
-0.179 1
-0.742 1
-1.756 1
1.582 1
-1.506 1
0.614 1
0.564 1
0.037 1
-0.33 1
-0.228 1
0.141 1
1.348 1
-1.168 1
0.801 1
1.537 1
0.061 1
0.394 1
0.418 1
0.083 1
0.082 1
1.541 1
0.929 1
0.054 1
0.084 1
-1.769 1
-0.757 1
-1.607 1
-1.104 1
-1.164 1
-2.006 1
0.781 1
1.674 1
-0.137 1
-2.403 1
1.094 1
0.147 1
-2.016 1
1.221 1
0.121 1
-0.159 1
-1.546 2
-4.156 2
3.112 2
-5.967 2
2.927 2
7.48 2
-5.619 2
-1.3 2
-8.06 2
-4.123 2
-2.097 2
1.15 2
1.356 2
1.728 2
10.286 2
1.711 2
-2.25 2
-2.446 2
-6.744 2
-2.645 2
2.952 2
-3.346 2
-5.448 2
-8.413 2
3.118 2
-1.255 2
-1.349 2
4.275 2
-2.494 2
3.217 2
3.142 2
1.897 2
-5.302 2
-2.777 2
6.305 2
-2.104 2
-5.408 2
2.451 2
1.893 2
-2.248 2
0.354 2
-6.527 2
2.156 2
-3.074 2
-3.433 2
2.459 2
-1.4 2
-4.684 2
2.497 2
-5.376 2
